[TimingPoints]
-6667.857142857143,476.19047619047643,4,1,0,40,1,0
8570,476.19047619047643,4,1,0,40,1,8
9016.428571428572,-100,4,1,0,50,0,0
9045.714285714286,238.09523809523785,4,1,0,50,1,0
9045.714285714286,-125,4,1,0,50,0,0
16634.285714285714,-111.111111111111,4,1,0,55,0,0
20087.14285714286,-109.58904109589,4,1,0,55,0,0
20205.714285714286,-108.108108108108,4,1,0,55,0,0
20325,-106.666666666667,4,1,0,55,0,0
20444.285714285714,-105.263157894737,4,1,0,55,0,0
24075,-103.896103896104,4,1,0,55,0,0
24134.285714285717,-102.564102564103,4,1,0,55,0,0
24194.285714285717,-101.26582278481,4,1,0,55,0,0
24253.57142857143,-100,4,1,0,60,0,0
29967.857142857145,-100,4,1,0,50,0,0
30352.857142857145,-103.897116134061,4,1,0,50,0,0
30710.000000000004,-108.110300081103,4,1,0,50,0,0
30947.857142857145,-111.111111111111,4,1,0,50,0,0
31424.285714285717,-111.111111111111,4,1,0,65,0,0
31542.857142857145,-105.279797660449,4,1,0,65,0,0
31662.14285714286,-100,4,1,0,65,0,0
31781.428571428572,-95.2244781241064,4,1,0,65,0,0
31872.857142857145,-83.3333333333333,4,1,0,70,0,0
31902.14285714286,-83.3333333333333,4,1,0,70,0,1
31932.14285714286,-90.9090909090909,4,1,0,70,0,1
35682.14285714286,-83.3333333333333,4,1,0,70,0,1
35741.42857142857,-90.9090909090909,4,1,0,70,0,1
39312.857142857145,-88.8888888888889,4,1,0,70,0,1
39372.857142857145,-86.9565217391304,4,1,0,70,0,1
39432.14285714286,-85.1063829787234,4,1,0,70,0,1
39491.42857142857,-83.3333333333333,4,1,0,70,0,1
39550.71428571429,-90.9090909090909,4,1,0,70,0,1
43301.42857142857,-83.3333333333333,4,1,0,70,0,1
43360.71428571429,-90.9090909090909,4,1,0,70,0,1
46158.571428571435,-83.3333333333333,4,1,0,70,0,1
46217.857142857145,-90.9090909090909,4,1,0,70,0,1
46872.857142857145,-114.271029638513,4,1,0,70,0,1
46932.857142857145,-116.792155489406,4,1,0,70,0,1
46992.14285714286,-119.394970017005,4,1,0,70,0,1
47051.42857142857,-122.116440864152,4,1,0,70,0,1
47111.42857142857,-125,4,1,0,70,0,1
47140.71428571429,-125,4,1,0,70,0,0
47170,-125,4,1,0,60,0,0
53907.14285714286,-123.072661804081,4,1,0,60,0,0
53966.42857142857,-122.136705149349,4,1,0,60,0,0
54025.71428571429,-121.214876784578,4,1,0,60,0,0
54065.71428571429,-120.600741880033,4,1,0,60,0,0
54105.71428571429,-119.99279863174,4,1,0,60,0,0
54145,-119.401648154783,4,1,0,60,0,0
54204.28571428572,-118.52049435405,4,1,0,60,0,0
54264.28571428572,-117.641867443297,4,1,0,60,0,0
54382.857142857145,-115.943289553797,4,1,0,60,0,0
54422.857142857145,-115.381286245997,4,1,0,60,0,0
54462.857142857145,-114.824704970282,4,1,0,60,0,0
54502.14285714286,-114.283264746228,4,1,0,60,0,0
54561.42857142857,-113.475781050481,4,1,0,60,0,0
54621.42857142857,-112.670103964162,4,1,0,60,0,0
54680.71428571429,-111.885177102568,4,1,0,60,0,0
54740,-111.111111111111,4,1,0,65,0,0
60444.28571428572,-100,4,1,0,50,0,0
60471.42857142857,-111.111111111111,4,1,0,50,0,0
60947.857142857145,-117.647058823529,4,1,0,50,0,0
61424.28571428572,-125,4,1,0,50,0,0
61662.14285714286,-114.293063534254,4,1,0,55,0,0
61900.00000000001,-105.275627862897,4,1,0,60,0,0
62138.571428571435,-97.5556206088993,4,1,0,65,0,0
62348.571428571435,-90.9090909090909,4,1,0,70,0,0
62378.571428571435,-83.3333333333333,4,1,0,70,0,1
62408.571428571435,-90.9090909090909,4,1,0,70,0,1
66158.57142857143,-83.3333333333333,4,1,0,70,0,1
66217.85714285714,-90.9090909090909,4,1,0,70,0,1
69967.85714285714,-83.3333333333333,4,1,0,70,0,1
70027.14285714286,-90.9090909090909,4,1,0,70,0,1
73777.14285714286,-83.3333333333333,4,1,0,70,0,1
73836.42857142858,-90.9090909090909,4,1,0,70,0,1
77587.14285714286,-83.3333333333333,4,1,0,70,0,1
77616.42857142858,-83.3333333333333,4,1,0,70,0,0
77646.42857142858,-125,4,1,0,60,0,0

[HitObjects]
256,192,9045.714285714286,5,4,0:0:0:0:
256,192,9283.57142857143,1,8,0:0:0:0:
256,192,9640.714285714286,1,0,0:0:0:0:
256,192,9759.285714285716,1,8,0:0:0:0:
256,192,9878.57142857143,1,0,0:0:0:0:
256,192,10116.428571428572,1,0,0:0:0:0:
256,192,10235.714285714286,1,8,0:0:0:0:
256,192,10355,1,0,0:0:0:0:
256,192,10473.57142857143,1,0,0:0:0:0:
256,192,10533.57142857143,1,0,0:0:0:0:
256,192,10592.857142857143,1,0,0:0:0:0:
256,192,10712.142857142859,1,8,0:0:0:0:
256,192,10950,1,0,0:0:0:0:
256,192,11187.857142857143,1,8,0:0:0:0:
256,192,11545,1,0,0:0:0:0:
256,192,11664.285714285716,1,8,0:0:0:0:
256,192,11783.57142857143,1,0,0:0:0:0:
256,192,12021.428571428572,1,0,0:0:0:0:
256,192,12140.714285714286,1,8,0:0:0:0:
256,192,12259.285714285716,1,0,0:0:0:0:
256,192,12378.57142857143,1,0,0:0:0:0:
256,192,12437.857142857143,1,0,0:0:0:0:
256,192,12497.857142857143,1,0,0:0:0:0:
256,192,12557.142857142859,1,0,0:0:0:0:
256,192,12616.428571428572,1,8,0:0:0:0:
256,192,12855,1,0,0:0:0:0:
256,192,13092.857142857143,1,8,0:0:0:0:
256,192,13450,1,0,0:0:0:0:
256,192,13569.285714285716,1,8,0:0:0:0:
256,192,13687.857142857143,1,0,0:0:0:0:
256,192,13926.428571428572,1,0,0:0:0:0:
256,192,14045,1,8,0:0:0:0:
256,192,14164.285714285716,1,0,0:0:0:0:
256,192,14283.57142857143,1,0,0:0:0:0:
256,192,14342.857142857143,1,0,0:0:0:0:
256,192,14402.142857142859,1,0,0:0:0:0:
256,192,14521.428571428572,1,8,0:0:0:0:
256,192,14759.285714285716,1,0,0:0:0:0:
256,192,14997.857142857143,1,8,0:0:0:0:
256,192,15355.000000000002,1,0,0:0:0:0:
256,192,15473.57142857143,1,8,0:0:0:0:
256,192,15592.857142857143,1,0,0:0:0:0:
256,192,15830.714285714286,1,0,0:0:0:0:
256,192,15950.000000000002,1,8,0:0:0:0:
256,192,16069.285714285716,1,0,0:0:0:0:
256,192,16187.857142857143,1,0,0:0:0:0:
256,192,16247.857142857143,1,0,0:0:0:0:
256,192,16307.142857142859,1,0,0:0:0:0:
256,192,16366.428571428572,1,0,0:0:0:0:
256,192,16426.428571428572,1,8,0:0:0:0:
256,192,16664.285714285714,1,0,0:0:0:0:
256,192,16902.14285714286,1,0,0:0:0:0:
256,192,17021.428571428572,1,0,0:0:0:0:
256,192,17140.714285714286,1,8,0:0:0:0:
256,192,17259.285714285714,1,0,0:0:0:0:
256,192,17378.57142857143,1,0,0:0:0:0:
256,192,17497.857142857145,1,8,0:0:0:0:
256,192,17616.428571428572,1,0,0:0:0:0:
256,192,17676.428571428572,1,0,0:0:0:0:
256,192,17735.714285714286,1,0,0:0:0:0:
256,192,17795,1,0,0:0:0:0:
256,192,17855,1,0,0:0:0:0:
256,192,17973.57142857143,1,0,0:0:0:0:
256,192,18092.857142857145,1,8,0:0:0:0:
256,192,18212.14285714286,1,0,0:0:0:0:
256,192,18330.714285714286,1,0,0:0:0:0:
256,192,18450,1,8,0:0:0:0:
256,192,18569.285714285714,1,0,0:0:0:0:
256,192,18807.14285714286,1,0,0:0:0:0:
256,192,19045,1,8,0:0:0:0:
256,192,19164.285714285714,1,0,0:0:0:0:
256,192,19283.57142857143,1,0,0:0:0:0:
256,192,19402.14285714286,1,8,0:0:0:0:
256,192,19521.428571428572,1,0,0:0:0:0:
256,192,19580.714285714286,1,0,0:0:0:0:
256,192,19640.714285714286,1,0,0:0:0:0:
256,192,19700,1,0,0:0:0:0:
256,192,19759.285714285714,1,0,0:0:0:0:
256,192,19878.57142857143,1,0,0:0:0:0:
256,192,19997.857142857145,1,8,0:0:0:0:
256,192,20116.428571428572,1,8,0:0:0:0:
256,192,20235.714285714286,1,0,0:0:0:0:
256,192,20355,1,8,0:0:0:0:
256,192,20473.57142857143,1,0,0:0:0:0:
256,192,20592.857142857145,1,8,0:0:0:0:
256,192,20712.14285714286,1,8,0:0:0:0:
256,192,20950,1,8,0:0:0:0:
256,192,21069.285714285717,1,8,0:0:0:0:
256,192,21187.857142857145,1,0,0:0:0:0:
256,192,21307.14285714286,1,8,0:0:0:0:
256,192,21426.428571428572,1,0,0:0:0:0:
256,192,21485.714285714286,1,0,0:0:0:0:
256,192,21545,1,0,0:0:0:0:
256,192,21605,1,0,0:0:0:0:
256,192,21664.285714285717,1,8,0:0:0:0:
256,192,21783.57142857143,1,0,0:0:0:0:
256,192,21902.14285714286,1,8,0:0:0:0:
256,192,22021.428571428572,1,0,0:0:0:0:
256,192,22140.714285714286,1,8,0:0:0:0:
256,192,22259.285714285717,1,8,0:0:0:0:
256,192,22378.57142857143,1,0,0:0:0:0:
256,192,22497.857142857145,1,0,0:0:0:0:
256,192,22616.428571428572,1,8,0:0:0:0:
256,192,22735.714285714286,1,8,0:0:0:0:
256,192,22855,1,8,0:0:0:0:
256,192,22973.57142857143,1,0,0:0:0:0:
256,192,23092.857142857145,1,8,0:0:0:0:
256,192,23212.14285714286,1,8,0:0:0:0:
256,192,23330.714285714286,1,0,0:0:0:0:
256,192,23390.714285714286,1,0,0:0:0:0:
256,192,23450,1,0,0:0:0:0:
256,192,23509.285714285717,1,0,0:0:0:0:
256,192,23569.285714285717,1,8,0:0:0:0:
256,192,23687.857142857145,1,8,0:0:0:0:
256,192,23807.14285714286,1,8,0:0:0:0:
256,192,23926.428571428572,1,0,0:0:0:0:
256,192,24045,1,8,0:0:0:0:
256,192,24105,1,8,0:0:0:0:
256,192,24164.285714285717,1,0,0:0:0:0:
256,192,24223.57142857143,1,0,0:0:0:0:
256,192,24283.57142857143,1,12,0:0:0:0:
256,192,24521.428571428572,1,8,0:0:0:0:
256,192,24640.714285714286,1,0,0:0:0:0:
256,192,24700,1,8,0:0:0:0:
256,192,24759.285714285717,1,0,0:0:0:0:
256,192,24878.57142857143,1,0,0:0:0:0:
256,192,24997.857142857145,1,8,0:0:0:0:
256,192,25235.714285714286,1,0,0:0:0:0:
256,192,25275.714285714286,1,0,0:0:0:0:
256,192,25315,1,0,0:0:0:0:
256,192,25355,1,0,0:0:0:0:
256,192,25473.57142857143,1,8,0:0:0:0:
256,192,25592.857142857145,1,0,0:0:0:0:
256,192,25712.14285714286,1,8,0:0:0:0:
256,192,25771.428571428572,1,8,0:0:0:0:
256,192,25830.714285714286,1,0,0:0:0:0:
256,192,25950,1,8,0:0:0:0:
256,192,26069.285714285717,1,0,0:0:0:0:
256,192,26187.857142857145,1,8,0:0:0:0:
256,192,26426.428571428572,1,0,0:0:0:0:
256,192,26545,1,8,0:0:0:0:
256,192,26664.285714285717,1,0,0:0:0:0:
256,192,26723.57142857143,1,8,0:0:0:0:
256,192,26783.57142857143,1,0,0:0:0:0:
256,192,26902.14285714286,1,8,0:0:0:0:
256,192,27021.428571428572,1,8,0:0:0:0:
256,192,27080.714285714286,1,8,0:0:0:0:
256,192,27140.714285714286,1,0,0:0:0:0:
256,192,27200,1,8,0:0:0:0:
256,192,27259.285714285717,1,0,0:0:0:0:
256,192,27378.57142857143,1,8,0:0:0:0:
256,192,27497.857142857145,1,0,0:0:0:0:
256,192,27616.428571428572,1,8,0:0:0:0:
256,192,27676.428571428572,1,8,0:0:0:0:
256,192,27735.714285714286,1,0,0:0:0:0:
256,192,27855,1,8,0:0:0:0:
256,192,27894.285714285717,1,8,0:0:0:0:
256,192,27934.285714285717,1,8,0:0:0:0:
256,192,27973.57142857143,1,8,0:0:0:0:
256,192,28092.857142857145,1,8,0:0:0:0:
256,192,28330.714285714286,1,8,0:0:0:0:
256,192,28450,1,0,0:0:0:0:
256,192,28509.285714285717,1,8,0:0:0:0:
256,192,28569.285714285717,1,0,0:0:0:0:
256,192,28687.857142857145,1,0,0:0:0:0:
256,192,28807.14285714286,1,8,0:0:0:0:
256,192,29045.000000000004,1,0,0:0:0:0:
256,192,29085.000000000004,1,0,0:0:0:0:
256,192,29125.000000000004,1,0,0:0:0:0:
256,192,29164.285714285717,1,0,0:0:0:0:
256,192,29283.57142857143,1,8,0:0:0:0:
256,192,29402.14285714286,1,0,0:0:0:0:
256,192,29521.428571428572,1,8,0:0:0:0:
256,192,29580.714285714286,1,8,0:0:0:0:
256,192,29640.714285714286,1,0,0:0:0:0:
256,192,29759.285714285717,1,8,0:0:0:0:
256,192,29997.857142857145,1,8,0:0:0:0:
256,192,30355.000000000004,1,0,0:0:0:0:
256,192,30712.14285714286,1,8,0:0:0:0:
256,192,31187.857142857145,1,0,0:0:0:0:
256,192,31247.857142857145,1,0,0:0:0:0:
256,192,31307.14285714286,1,0,0:0:0:0:
256,192,31426.428571428572,1,0,0:0:0:0:
256,192,31545.000000000004,1,8,0:0:0:0:
256,192,31664.285714285717,1,8,0:0:0:0:
256,192,31783.57142857143,1,8,0:0:0:0:
256,192,31902.14285714286,1,4,0:0:0:0:
256,192,32021.428571428572,1,8,0:0:0:0:
256,192,32080.714285714286,1,8,0:0:0:0:
256,192,32140.714285714286,1,8,0:0:0:0:
256,192,32200.000000000004,1,0,0:0:0:0:
256,192,32259.285714285717,1,0,0:0:0:0:
256,192,32319.285714285717,1,8,0:0:0:0:
256,192,32437.857142857145,1,0,0:0:0:0:
256,192,32497.857142857145,1,0,0:0:0:0:
256,192,32616.428571428572,1,8,0:0:0:0:
256,192,32735.714285714286,1,0,0:0:0:0:
256,192,32855,1,8,0:0:0:0:
256,192,32914.28571428572,1,8,0:0:0:0:
256,192,32973.57142857143,1,0,0:0:0:0:
256,192,33033.57142857143,1,8,0:0:0:0:
256,192,33092.857142857145,1,0,0:0:0:0:
256,192,33152.14285714286,1,0,0:0:0:0:
256,192,33212.14285714286,1,8,0:0:0:0:
256,192,33271.42857142857,1,0,0:0:0:0:
256,192,33390.71428571429,1,0,0:0:0:0:
256,192,33450,1,8,0:0:0:0:
256,192,33569.28571428572,1,0,0:0:0:0:
256,192,33628.57142857143,1,0,0:0:0:0:
256,192,33687.857142857145,1,8,0:0:0:0:
256,192,33727.857142857145,1,8,0:0:0:0:
256,192,33767.857142857145,1,8,0:0:0:0:
256,192,33807.14285714286,1,0,0:0:0:0:
256,192,33866.42857142857,1,0,0:0:0:0:
256,192,33926.42857142857,1,0,0:0:0:0:
256,192,33985.71428571429,1,0,0:0:0:0:
256,192,34045,1,8,0:0:0:0:
256,192,34164.28571428572,1,0,0:0:0:0:
256,192,34223.57142857143,1,8,0:0:0:0:
256,192,34283.57142857143,1,0,0:0:0:0:
256,192,34342.857142857145,1,0,0:0:0:0:
256,192,34402.14285714286,1,8,0:0:0:0:
256,192,34521.42857142857,1,0,0:0:0:0:
256,192,34640.71428571429,1,8,0:0:0:0:
256,192,34700,1,0,0:0:0:0:
256,192,34759.28571428572,1,8,0:0:0:0:
256,192,34878.57142857143,1,8,0:0:0:0:
256,192,34937.857142857145,1,8,0:0:0:0:
256,192,34997.857142857145,1,0,0:0:0:0:
256,192,35057.14285714286,1,0,0:0:0:0:
256,192,35116.42857142857,1,8,0:0:0:0:
256,192,35176.42857142857,1,0,0:0:0:0:
256,192,35295,1,0,0:0:0:0:
256,192,35355,1,8,0:0:0:0:
256,192,35473.57142857143,1,0,0:0:0:0:
256,192,35592.857142857145,1,8,0:0:0:0:
256,192,35712.14285714286,1,4,0:0:0:0:
256,192,35830.71428571429,1,8,0:0:0:0:
256,192,35890.71428571429,1,8,0:0:0:0:
256,192,36009.28571428572,1,0,0:0:0:0:
256,192,36069.28571428572,1,8,0:0:0:0:
256,192,36187.857142857145,1,8,0:0:0:0:
256,192,36307.14285714286,1,0,0:0:0:0:
256,192,36426.42857142857,1,0,0:0:0:0:
256,192,36485.71428571429,1,0,0:0:0:0:
256,192,36545,1,8,0:0:0:0:
256,192,36605,1,8,0:0:0:0:
256,192,36664.28571428572,1,0,0:0:0:0:
256,192,36723.57142857143,1,8,0:0:0:0:
256,192,36783.57142857143,1,8,0:0:0:0:
256,192,36842.857142857145,1,8,0:0:0:0:
256,192,36902.14285714286,1,0,0:0:0:0:
256,192,37021.42857142857,1,0,0:0:0:0:
256,192,37080.71428571429,1,0,0:0:0:0:
256,192,37140.71428571429,1,8,0:0:0:0:
256,192,37259.28571428572,1,0,0:0:0:0:
256,192,37319.28571428572,1,8,0:0:0:0:
256,192,37378.57142857143,1,0,0:0:0:0:
256,192,37437.857142857145,1,0,0:0:0:0:
256,192,37497.857142857145,1,8,0:0:0:0:
256,192,37616.42857142857,1,0,0:0:0:0:
256,192,37735.71428571429,1,0,0:0:0:0:
256,192,37855,1,8,0:0:0:0:
256,192,37973.57142857143,1,0,0:0:0:0:
256,192,38033.57142857143,1,0,0:0:0:0:
256,192,38092.857142857145,1,0,0:0:0:0:
256,192,38212.14285714286,1,8,0:0:0:0:
256,192,38271.42857142857,1,8,0:0:0:0:
256,192,38330.71428571429,1,0,0:0:0:0:
256,192,38390.71428571429,1,0,0:0:0:0:
256,192,38450,1,8,0:0:0:0:
256,192,38509.28571428572,1,8,0:0:0:0:
256,192,38569.28571428572,1,8,0:0:0:0:
256,192,38687.857142857145,1,0,0:0:0:0:
256,192,38807.14285714286,1,8,0:0:0:0:
256,192,38926.42857142857,1,0,0:0:0:0:
256,192,38985.71428571429,1,0,0:0:0:0:
256,192,39045,1,8,0:0:0:0:
256,192,39164.28571428572,1,0,0:0:0:0:
256,192,39223.57142857143,1,8,0:0:0:0:
256,192,39283.57142857143,1,0,0:0:0:0:
256,192,39342.857142857145,1,0,0:0:0:0:
256,192,39402.14285714286,1,8,0:0:0:0:
256,192,39462.14285714286,1,0,0:0:0:0:
256,192,39521.42857142857,1,12,0:0:0:0:
256,192,39640.71428571429,1,0,0:0:0:0:
256,192,39700,1,0,0:0:0:0:
256,192,39819.28571428572,1,0,0:0:0:0:
256,192,39878.57142857143,1,8,0:0:0:0:
256,192,39997.857142857145,1,8,0:0:0:0:
256,192,40116.42857142857,1,0,0:0:0:0:
256,192,40176.42857142857,1,8,0:0:0:0:
256,192,40295,1,0,0:0:0:0:
256,192,40355,1,8,0:0:0:0:
256,192,40473.57142857143,1,0,0:0:0:0:
256,192,40592.857142857145,1,8,0:0:0:0:
256,192,40652.14285714286,1,8,0:0:0:0:
256,192,40771.42857142857,1,0,0:0:0:0:
256,192,40830.71428571429,1,0,0:0:0:0:
256,192,40950,1,8,0:0:0:0:
256,192,41009.28571428572,1,8,0:0:0:0:
256,192,41069.28571428572,1,0,0:0:0:0:
256,192,41128.571428571435,1,8,0:0:0:0:
256,192,41187.857142857145,1,0,0:0:0:0:
256,192,41307.14285714286,1,8,0:0:0:0:
256,192,41426.42857142857,1,0,0:0:0:0:
256,192,41545,1,0,0:0:0:0:
256,192,41664.28571428572,1,8,0:0:0:0:
256,192,41723.571428571435,1,8,0:0:0:0:
256,192,41783.571428571435,1,0,0:0:0:0:
256,192,41842.857142857145,1,0,0:0:0:0:
256,192,41902.14285714286,1,8,0:0:0:0:
256,192,42021.42857142857,1,0,0:0:0:0:
256,192,42080.71428571429,1,8,0:0:0:0:
256,192,42200,1,8,0:0:0:0:
256,192,42259.28571428572,1,0,0:0:0:0:
256,192,42378.571428571435,1,8,0:0:0:0:
256,192,42497.857142857145,1,0,0:0:0:0:
256,192,42557.14285714286,1,0,0:0:0:0:
256,192,42616.42857142857,1,8,0:0:0:0:
256,192,42735.71428571429,1,8,0:0:0:0:
256,192,42795,1,0,0:0:0:0:
256,192,42855,1,8,0:0:0:0:
256,192,42914.28571428572,1,0,0:0:0:0:
256,192,42973.571428571435,1,0,0:0:0:0:
256,192,43092.857142857145,1,8,0:0:0:0:
256,192,43212.14285714286,1,0,0:0:0:0:
256,192,43330.71428571429,1,4,0:0:0:0:
256,192,43450,1,8,0:0:0:0:
256,192,43569.28571428572,1,0,0:0:0:0:
256,192,43628.571428571435,1,0,0:0:0:0:
256,192,43687.857142857145,1,8,0:0:0:0:
256,192,43747.857142857145,1,8,0:0:0:0:
256,192,43807.14285714286,1,8,0:0:0:0:
256,192,43926.42857142857,1,0,0:0:0:0:
256,192,43985.71428571429,1,8,0:0:0:0:
256,192,44105,1,8,0:0:0:0:
256,192,44164.28571428572,1,0,0:0:0:0:
256,192,44283.571428571435,1,8,0:0:0:0:
256,192,44342.857142857145,1,8,0:0:0:0:
256,192,44402.14285714286,1,0,0:0:0:0:
256,192,44462.14285714286,1,8,0:0:0:0:
256,192,44521.42857142857,1,0,0:0:0:0:
256,192,44580.71428571429,1,0,0:0:0:0:
256,192,44640.71428571429,1,8,0:0:0:0:
256,192,44700,1,0,0:0:0:0:
256,192,44759.28571428572,1,0,0:0:0:0:
256,192,44819.28571428572,1,0,0:0:0:0:
256,192,44878.571428571435,1,8,0:0:0:0:
256,192,44937.857142857145,1,8,0:0:0:0:
256,192,44997.857142857145,1,8,0:0:0:0:
256,192,45116.42857142857,1,8,0:0:0:0:
256,192,45235.71428571429,1,0,0:0:0:0:
256,192,45355,1,8,0:0:0:0:
256,192,45414.28571428572,1,0,0:0:0:0:
256,192,45533.571428571435,1,0,0:0:0:0:
256,192,45592.857142857145,1,8,0:0:0:0:
256,192,45712.14285714286,1,8,0:0:0:0:
256,192,45830.71428571429,1,0,0:0:0:0:
256,192,45890.71428571429,1,8,0:0:0:0:
256,192,46009.28571428572,1,0,0:0:0:0:
256,192,46069.28571428572,1,8,0:0:0:0:
256,192,46187.857142857145,1,12,0:0:0:0:
256,192,46902.14285714286,1,8,0:0:0:0:
256,192,46962.14285714286,1,8,0:0:0:0:
256,192,47021.42857142857,1,8,0:0:0:0:
256,192,47080.71428571429,1,8,0:0:0:0:
256,192,47140.71428571429,1,4,0:0:0:0:
256,192,47497.857142857145,1,0,0:0:0:0:
256,192,47616.42857142857,1,8,0:0:0:0:
256,192,47973.571428571435,1,0,0:0:0:0:
256,192,48092.857142857145,1,0,0:0:0:0:
256,192,48330.71428571429,1,0,0:0:0:0:
256,192,48569.28571428572,1,8,0:0:0:0:
256,192,49045,1,0,0:0:0:0:
256,192,49402.14285714286,1,0,0:0:0:0:
256,192,49521.42857142857,1,8,0:0:0:0:
256,192,49878.571428571435,1,0,0:0:0:0:
256,192,49997.857142857145,1,0,0:0:0:0:
256,192,50116.42857142857,1,8,0:0:0:0:
256,192,50235.71428571429,1,0,0:0:0:0:
256,192,50473.571428571435,1,8,0:0:0:0:
256,192,50712.14285714286,1,0,0:0:0:0:
256,192,50950,1,0,0:0:0:0:
256,192,51307.14285714286,1,0,0:0:0:0:
256,192,51426.42857142857,1,8,0:0:0:0:
256,192,51783.571428571435,1,0,0:0:0:0:
256,192,51902.14285714286,1,0,0:0:0:0:
256,192,52140.71428571429,1,0,0:0:0:0:
256,192,52378.571428571435,1,8,0:0:0:0:
256,192,52855,1,0,0:0:0:0:
256,192,53212.14285714286,1,0,0:0:0:0:
256,192,53330.71428571429,1,8,0:0:0:0:
256,192,53687.857142857145,1,8,0:0:0:0:
256,192,53807.14285714286,1,0,0:0:0:0:
256,192,53926.42857142857,1,8,0:0:0:0:
256,192,53985.71428571429,1,8,0:0:0:0:
256,192,54045,1,0,0:0:0:0:
256,192,54085,1,0,0:0:0:0:
256,192,54125,1,0,0:0:0:0:
256,192,54164.28571428572,1,0,0:0:0:0:
256,192,54223.571428571435,1,0,0:0:0:0:
256,192,54283.571428571435,1,8,0:0:0:0:
256,192,54402.14285714286,1,0,0:0:0:0:
256,192,54442.14285714286,1,0,0:0:0:0:
256,192,54482.14285714286,1,0,0:0:0:0:
256,192,54521.42857142857,1,8,0:0:0:0:
256,192,54580.71428571429,1,8,0:0:0:0:
256,192,54640.71428571429,1,0,0:0:0:0:
256,192,54700,1,8,0:0:0:0:
256,192,54759.28571428572,1,4,0:0:0:0:
256,192,55116.42857142857,1,0,0:0:0:0:
256,192,55235.71428571429,1,8,0:0:0:0:
256,192,55592.857142857145,1,0,0:0:0:0:
256,192,55712.14285714286,1,8,0:0:0:0:
256,192,55771.42857142857,1,8,0:0:0:0:
256,192,55830.71428571429,1,0,0:0:0:0:
256,192,55890.71428571429,1,8,0:0:0:0:
256,192,55950,1,0,0:0:0:0:
256,192,56069.28571428572,1,0,0:0:0:0:
256,192,56187.857142857145,1,8,0:0:0:0:
256,192,56545,1,8,0:0:0:0:
256,192,56664.28571428572,1,0,0:0:0:0:
256,192,56902.14285714286,1,0,0:0:0:0:
256,192,56962.14285714286,1,0,0:0:0:0:
256,192,57021.42857142857,1,0,0:0:0:0:
256,192,57140.71428571429,1,8,0:0:0:0:
256,192,57378.571428571435,1,0,0:0:0:0:
256,192,57497.857142857145,1,0,0:0:0:0:
256,192,57616.42857142857,1,0,0:0:0:0:
256,192,57676.42857142857,1,0,0:0:0:0:
256,192,57735.71428571429,1,8,0:0:0:0:
256,192,57795.00000000001,1,8,0:0:0:0:
256,192,57855.00000000001,1,0,0:0:0:0:
256,192,58092.857142857145,1,8,0:0:0:0:
256,192,58152.14285714286,1,8,0:0:0:0:
256,192,58212.14285714286,1,8,0:0:0:0:
256,192,58271.42857142857,1,0,0:0:0:0:
256,192,58330.71428571429,1,8,0:0:0:0:
256,192,58450.00000000001,1,8,0:0:0:0:
256,192,58569.28571428572,1,0,0:0:0:0:
256,192,58926.42857142857,1,0,0:0:0:0:
256,192,59045.00000000001,1,8,0:0:0:0:
256,192,59402.14285714286,1,0,0:0:0:0:
256,192,59521.42857142857,1,8,0:0:0:0:
256,192,59580.71428571429,1,8,0:0:0:0:
256,192,59640.71428571429,1,8,0:0:0:0:
256,192,59700.00000000001,1,8,0:0:0:0:
256,192,59759.28571428572,1,0,0:0:0:0:
256,192,59878.571428571435,1,0,0:0:0:0:
256,192,59997.857142857145,1,8,0:0:0:0:
256,192,60116.42857142857,1,8,0:0:0:0:
256,192,60235.71428571429,1,0,0:0:0:0:
256,192,60295.00000000001,1,8,0:0:0:0:
256,192,60355.00000000001,1,0,0:0:0:0:
256,192,60473.571428571435,1,8,0:0:0:0:
256,192,60950.00000000001,1,8,0:0:0:0:
256,192,61426.42857142857,1,8,0:0:0:0:
256,192,61664.28571428572,1,0,0:0:0:0:
256,192,61902.14285714286,1,8,0:0:0:0:
256,192,62140.71428571429,1,12,0:0:0:0:
256,192,62378.571428571435,1,4,0:0:0:0:
256,192,62616.42857142857,1,8,0:0:0:0:
256,192,62735.71428571429,1,0,0:0:0:0:
256,192,62795.00000000001,1,0,0:0:0:0:
256,192,62855.00000000001,1,8,0:0:0:0:
256,192,62973.571428571435,1,0,0:0:0:0:
256,192,63092.857142857145,1,8,0:0:0:0:
256,192,63152.14285714286,1,0,0:0:0:0:
256,192,63212.14285714286,1,8,0:0:0:0:
256,192,63271.42857142857,1,8,0:0:0:0:
256,192,63330.71428571429,1,0,0:0:0:0:
256,192,63450.00000000001,1,8,0:0:0:0:
256,192,63509.28571428572,1,0,0:0:0:0:
256,192,63628.571428571435,1,0,0:0:0:0:
256,192,63687.857142857145,1,8,0:0:0:0:
256,192,63807.14285714286,1,0,0:0:0:0:
256,192,63866.42857142857,1,0,0:0:0:0:
256,192,63926.42857142857,1,8,0:0:0:0:
256,192,64045.00000000001,1,0,0:0:0:0:
256,192,64105.00000000001,1,0,0:0:0:0:
256,192,64164.28571428572,1,8,0:0:0:0:
256,192,64223.571428571435,1,0,0:0:0:0:
256,192,64283.571428571435,1,8,0:0:0:0:
256,192,64402.14285714286,1,8,0:0:0:0:
256,192,64462.14285714286,1,0,0:0:0:0:
256,192,64580.71428571429,1,0,0:0:0:0:
256,192,64640.71428571429,1,8,0:0:0:0:
256,192,64759.28571428572,1,0,0:0:0:0:
256,192,64819.28571428572,1,0,0:0:0:0:
256,192,64878.571428571435,1,8,0:0:0:0:
256,192,64997.857142857145,1,0,0:0:0:0:
256,192,65057.14285714286,1,0,0:0:0:0:
256,192,65116.42857142857,1,8,0:0:0:0:
256,192,65176.42857142857,1,8,0:0:0:0:
256,192,65235.71428571429,1,8,0:0:0:0:
256,192,65355.00000000001,1,8,0:0:0:0:
256,192,65414.28571428572,1,0,0:0:0:0:
256,192,65533.571428571435,1,0,0:0:0:0:
256,192,65592.85714285714,1,8,0:0:0:0:
256,192,65712.14285714286,1,0,0:0:0:0:
256,192,65771.42857142858,1,0,0:0:0:0:
256,192,65830.71428571429,1,0,0:0:0:0:
256,192,65890.71428571429,1,8,0:0:0:0:
256,192,66009.28571428572,1,0,0:0:0:0:
256,192,66069.28571428572,1,8,0:0:0:0:
256,192,66187.85714285714,1,4,0:0:0:0:
256,192,66426.42857142858,1,8,0:0:0:0:
256,192,66545,1,0,0:0:0:0:
256,192,66605,1,0,0:0:0:0:
256,192,66664.28571428572,1,8,0:0:0:0:
256,192,66723.57142857143,1,0,0:0:0:0:
256,192,66783.57142857143,1,0,0:0:0:0:
256,192,66902.14285714286,1,8,0:0:0:0:
256,192,67021.42857142858,1,0,0:0:0:0:
256,192,67080.71428571429,1,0,0:0:0:0:
256,192,67140.71428571429,1,8,0:0:0:0:
256,192,67200,1,0,0:0:0:0:
256,192,67259.28571428572,1,8,0:0:0:0:
256,192,67319.28571428572,1,8,0:0:0:0:
256,192,67378.57142857143,1,0,0:0:0:0:
256,192,67497.85714285714,1,8,0:0:0:0:
256,192,67616.42857142858,1,0,0:0:0:0:
256,192,67676.42857142858,1,0,0:0:0:0:
256,192,67735.71428571429,1,8,0:0:0:0:
256,192,67855,1,0,0:0:0:0:
256,192,67973.57142857143,1,8,0:0:0:0:
256,192,68092.85714285714,1,0,0:0:0:0:
256,192,68330.71428571429,1,8,0:0:0:0:
256,192,68450,1,0,0:0:0:0:
256,192,68509.28571428572,1,0,0:0:0:0:
256,192,68569.28571428572,1,0,0:0:0:0:
256,192,68687.85714285714,1,8,0:0:0:0:
256,192,68807.14285714286,1,0,0:0:0:0:
256,192,68866.42857142858,1,0,0:0:0:0:
256,192,68926.42857142858,1,8,0:0:0:0:
256,192,68985.71428571429,1,8,0:0:0:0:
256,192,69045,1,0,0:0:0:0:
256,192,69164.28571428572,1,0,0:0:0:0:
256,192,69283.57142857143,1,8,0:0:0:0:
256,192,69402.14285714286,1,0,0:0:0:0:
256,192,69462.14285714286,1,8,0:0:0:0:
256,192,69580.71428571429,1,8,0:0:0:0:
256,192,69640.71428571429,1,0,0:0:0:0:
256,192,69759.28571428572,1,8,0:0:0:0:
256,192,69997.85714285714,1,12,0:0:0:0:
256,192,70235.71428571429,1,8,0:0:0:0:
256,192,70355,1,0,0:0:0:0:
256,192,70414.28571428572,1,0,0:0:0:0:
256,192,70473.57142857143,1,8,0:0:0:0:
256,192,70533.57142857143,1,8,0:0:0:0:
256,192,70592.85714285714,1,0,0:0:0:0:
256,192,70712.14285714286,1,8,0:0:0:0:
256,192,70771.42857142858,1,8,0:0:0:0:
256,192,70830.71428571429,1,0,0:0:0:0:
256,192,70890.71428571429,1,8,0:0:0:0:
256,192,70950,1,0,0:0:0:0:
256,192,71069.28571428572,1,8,0:0:0:0:
256,192,71128.57142857143,1,0,0:0:0:0:
256,192,71247.85714285714,1,0,0:0:0:0:
256,192,71307.14285714286,1,8,0:0:0:0:
256,192,71426.42857142858,1,0,0:0:0:0:
256,192,71485.71428571429,1,0,0:0:0:0:
256,192,71545,1,8,0:0:0:0:
256,192,71664.28571428572,1,0,0:0:0:0:
256,192,71723.57142857143,1,0,0:0:0:0:
256,192,71783.57142857143,1,8,0:0:0:0:
256,192,71842.85714285714,1,0,0:0:0:0:
256,192,71902.14285714286,1,8,0:0:0:0:
256,192,72021.42857142858,1,0,0:0:0:0:
256,192,72080.71428571429,1,8,0:0:0:0:
256,192,72200,1,8,0:0:0:0:
256,192,72259.28571428572,1,0,0:0:0:0:
256,192,72378.57142857143,1,8,0:0:0:0:
256,192,72437.85714285714,1,8,0:0:0:0:
256,192,72497.85714285714,1,0,0:0:0:0:
256,192,72616.42857142858,1,0,0:0:0:0:
256,192,72676.42857142858,1,0,0:0:0:0:
256,192,72735.71428571429,1,8,0:0:0:0:
256,192,72795,1,8,0:0:0:0:
256,192,72855,1,8,0:0:0:0:
256,192,72973.57142857143,1,0,0:0:0:0:
256,192,73033.57142857143,1,8,0:0:0:0:
256,192,73152.14285714286,1,8,0:0:0:0:
256,192,73212.14285714286,1,0,0:0:0:0:
256,192,73330.71428571429,1,8,0:0:0:0:
256,192,73390.71428571429,1,0,0:0:0:0:
256,192,73450,1,0,0:0:0:0:
256,192,73509.28571428572,1,8,0:0:0:0:
256,192,73628.57142857143,1,0,0:0:0:0:
256,192,73687.85714285714,1,8,0:0:0:0:
256,192,73807.14285714286,1,12,0:0:0:0:
256,192,74045,1,8,0:0:0:0:
256,192,74164.28571428572,1,0,0:0:0:0:
256,192,74223.57142857143,1,0,0:0:0:0:
256,192,74283.57142857143,1,8,0:0:0:0:
256,192,74342.85714285714,1,8,0:0:0:0:
256,192,74402.14285714286,1,0,0:0:0:0:
256,192,74521.42857142858,1,8,0:0:0:0:
256,192,74640.71428571429,1,0,0:0:0:0:
256,192,74759.28571428572,1,8,0:0:0:0:
256,192,74819.28571428572,1,0,0:0:0:0:
256,192,74878.57142857143,1,8,0:0:0:0:
256,192,74937.85714285714,1,8,0:0:0:0:
256,192,74997.85714285714,1,0,0:0:0:0:
256,192,75116.42857142858,1,8,0:0:0:0:
256,192,75176.42857142858,1,8,0:0:0:0:
256,192,75235.71428571429,1,8,0:0:0:0:
256,192,75355,1,8,0:0:0:0:
256,192,75473.57142857143,1,0,0:0:0:0:
256,192,75592.85714285714,1,8,0:0:0:0:
256,192,75712.14285714286,1,0,0:0:0:0:
256,192,75950,1,8,0:0:0:0:
256,192,76069.28571428572,1,0,0:0:0:0:
256,192,76128.57142857143,1,0,0:0:0:0:
256,192,76187.85714285714,1,0,0:0:0:0:
256,192,76307.14285714286,1,8,0:0:0:0:
256,192,76426.42857142858,1,0,0:0:0:0:
256,192,76485.71428571429,1,0,0:0:0:0:
256,192,76545,1,8,0:0:0:0:
256,192,76664.28571428572,1,0,0:0:0:0:
256,192,76783.57142857143,1,0,0:0:0:0:
256,192,76902.14285714286,1,8,0:0:0:0:
256,192,77021.42857142858,1,0,0:0:0:0:
256,192,77140.71428571429,1,0,0:0:0:0:
256,192,77259.28571428572,1,8,0:0:0:0:
256,192,77378.57142857143,1,0,0:0:0:0:
256,192,77616.42857142858,1,4,0:0:0:0:
256,192,78092.85714285714,1,0,0:0:0:0:
256,192,78569.28571428572,1,0,0:0:0:0:
256,192,78926.42857142858,1,8,0:0:0:0:
256,192,79045,1,0,0:0:0:0:
256,192,79283.57142857143,1,8,0:0:0:0:
256,192,79521.42857142858,1,0,0:0:0:0:
256,192,79997.85714285714,1,0,0:0:0:0:
256,192,80473.57142857143,1,0,0:0:0:0:
256,192,80712.14285714286,1,8,0:0:0:0:
256,192,80950,1,0,0:0:0:0:
256,192,81187.85714285714,1,8,0:0:0:0:
256,192,81426.42857142858,1,0,0:0:0:0:
256,192,81902.14285714286,1,0,0:0:0:0:
256,192,82378.57142857143,1,0,0:0:0:0:
256,192,82735.71428571429,1,8,0:0:0:0:
256,192,82855,1,0,0:0:0:0:
256,192,83092.85714285714,1,8,0:0:0:0:
256,192,83330.71428571429,1,0,0:0:0:0:
256,192,83807.14285714287,1,0,0:0:0:0:
256,192,84283.57142857143,1,0,0:0:0:0:
256,192,84759.28571428572,1,0,0:0:0:0:
256,192,85235.71428571429,1,12,0:0:0:0:
256,192,85712.14285714287,1,0,0:0:0:0:
256,192,85830.71428571429,1,0,0:0:0:0:
256,192,85950,1,8,0:0:0:0:
256,192,86069.28571428572,1,0,0:0:0:0:
256,192,86187.85714285714,1,8,0:0:0:0:
256,192,86664.28571428572,1,0,0:0:0:0:
256,192,86783.57142857143,1,0,0:0:0:0:
256,192,86902.14285714287,1,8,0:0:0:0:
256,192,87021.42857142858,1,8,0:0:0:0:
256,192,87140.71428571429,1,0,0:0:0:0:
256,192,87616.42857142858,1,8,0:0:0:0:
256,192,87735.71428571429,1,0,0:0:0:0:
256,192,87855,1,0,0:0:0:0:
256,192,87973.57142857143,1,8,0:0:0:0:
256,192,88092.85714285714,1,8,0:0:0:0:
256,192,88330.71428571429,1,0,0:0:0:0:
256,192,88569.28571428572,1,8,0:0:0:0:
256,192,88807.14285714287,1,0,0:0:0:0:
256,192,89045,1,8,0:0:0:0:
256,192,89521.42857142858,1,0,0:0:0:0:
256,192,89759.28571428572,1,0,0:0:0:0:
256,192,89878.57142857143,1,0,0:0:0:0:
256,192,89997.85714285714,1,8,0:0:0:0:
256,192,90355,1,8,0:0:0:0:
256,192,90473.57142857143,1,0,0:0:0:0:
256,192,90712.14285714287,1,8,0:0:0:0:
256,192,90950,1,0,0:0:0:0:
256,192,91426.42857142858,1,0,0:0:0:0:
256,192,91664.28571428572,1,8,0:0:0:0:
256,192,91783.57142857143,1,8,0:0:0:0:
256,192,91902.14285714287,1,0,0:0:0:0:
256,192,92140.71428571429,1,8,0:0:0:0:
256,192,92378.57142857143,1,0,0:0:0:0:
256,192,92616.42857142858,1,0,0:0:0:0:
256,192,92735.71428571429,1,0,0:0:0:0:
256,192,93330.71428571429,1,8,0:0:0:0: